rgb(0, 221, 235)
rgb(255, 111, 36)
rgb(255, 130, 255)
rgb(54, 224, 0)
rgb(223, 170, 0)
rgb(152, 204, 243)
rgb(255, 163, 139)
rgb(139, 216, 144)
rgb(255, 91, 190)
rgb(167, 165, 255)
rgb(95, 80, 137)
rgb(255, 172, 226)
rgb(0, 211, 151)
rgb(66, 117, 5)
rgb(168, 50, 83)
rgb(0, 109, 76)
rgb(255, 81, 114)
rgb(125, 83, 0)
rgb(185, 171, 153)
rgb(0, 184, 255)
rgb(235, 190, 95)
rgb(0, 86, 111)
rgb(0, 229, 255)
rgb(161, 195, 0)
rgb(216, 76, 32)
rgb(255, 146, 0)
rgb(0, 209, 69)
rgb(203, 83, 192)
rgb(0, 186, 205)
rgb(0, 186, 205)